100307
161731
687163
128632
802844
156637
108525
205220
702133
169444
395958
211720
144226
196144
932554
894673
130013
255639
101309
180432
251833
103818
901442
779370
163836
249947
139233
136227
200109
120515
108323
118730
135225
654754
198451
756055
196750
497865
561242
107422
109325
579665
753251
121618
143325
951457
159138
100408
132118
896778
123925
329440
751348
172534
192843
185139
386250
198350
573451
140824
175035
123117
164939
871762
180129
193239
307127
197550
191033
877269
679568
208327
250427
102816
371843
159239
303624
231928
683256
789373
161630
917255
638049
105216
552544
205826
500222
568963
165840
865363
978578
135528
210415
151728
816653
131217
182739
105115
123420
672756
101006
